0.755156 0.639031
0.752145 0.136273
0.903269 0.0940683
0.57457 0.372888
0.273874 0.390271
0.0123828 0.523706
0.685271 0.637338
0.82655 0.945698
0.753219 0.448916
0.046803 0.0645945
0.747603 0.149318
0.425255 0.100047
0.143914 0.0941724
0.530161 0.446197
0.773019 0.122518
0.745166 0.323758
0.750969 0.804332
0.0435175 0.926102
0.743649 0.416049
0.29763 0.0193003
0.69986 0.45944
0.53693 0.488862
0.211692 0.607181
0.493076 0.383946
0.667104 0.415979
0.434518 0.0916106
0.0742401 0.820516
0.477509 0.443436
0.995449 0.59494
0.619039 0.576804
0.861267 0.475719
0.823771 0.491787
0.444609 0.310028
0.297051 0.522792
0.364871 0.763798
0.305485 0.686054
0.729096 0.650717
0.816258 0.787128
0.652092 0.793848
0.402559 0.936614
0.347763 0.299462
0.738133 0.593881
0.352642 0.138685
0.624666 0.592722
0.521612 0.612913
0.0591743 0.366956
0.735338 0.611758
0.39551 0.932361
0.740646 0.230124
0.52912 0.123851
0.787515 0.234747
0.0924361 0.88993
0.472039 0.113111
0.692439 0.127225
0.720136 0.604771
0.355967 0.768939
0.929145 0.996277
0.390555 0.371408
0.832274 0.764927
0.658727 0.883393
0.065644 0.324467
0.293146 0.41648
0.160578 0.851715
0.485862 0.290912
0.818869 0.428679
0.0799245 0.875954
0.791958 0.903267
0.854897 0.026629
0.744665 0.0700449
0.206337 0.630069
0.442797 0.332787
0.356789 0.704354
0.338441 0.742623
0.163839 0.652107
0.0811887 0.400461
0.358415 0.51675
0.6716 0.721795
0.501767 0.522806
0.397303 0.791712
0.187613 0.349681
0.554496 0.0812241
0.233272 0.432447
0.473259 0.217706
0.598243 0.990757
0.902684 0.379993
0.48222 0.290605
0.452503 0.310347
0.28903 0.450504
0.641201 0.0625441
0.510711 0.351496
0.763527 0.429372
0.19937 0.000718771
0.638225 0.271595
0.179427 0.899248
0.797338 0.408487
0.100864 0.674641
0.965481 0.270949
0.074373 0.632438
0.574029 0.178127
0.888587 0.445948
0.102563 0.162582
0.910186 0.455151
0.816443 0.417924
0.428483 0.323487
0.102944 0.194327
0.240577 0.879209
0.444165 0.207396
0.162298 0.173222
0.158584 0.122751
0.210794 0.95185
0.425993 0.393145
0.133916 0.129172
0.399858 0.197952
0.161858 0.335055
0.845591 0.650926
0.325822 0.92621
0.38873 0.590522
0.507829 0.422344
0.632358 0.934717
0.179565 0.424974
0.826672 0.643006
0.0805633 0.77716
0.632707 0.908779
0.230569 0.866354
0.21656 0.410399
0.415663 0.628118
0.923923 0.724112
0.285045 0.18144
0.247991 0.360351
0.0591493 0.154663
0.0443974 0.0161508
0.451504 0.234652
0.0272107 0.357513
0.549554 0.173832
0.689934 0.789289
0.511621 0.0735847
0.0575076 0.586882
0.974627 0.530473
0.169835 0.738186
0.103445 0.530077
0.866401 0.9181
0.152454 0.779807
0.943133 0.538268
0.718832 0.150759
0.981052 0.105761
0.150272 0.828548
0.46274 0.70271
0.969013 0.464783
0.029883 0.954436
0.6635 0.454762
0.164134 0.103039
0.151927 0.888715
0.151835 0.242838
0.15481 0.433146
0.615661 0.381387
0.612604 0.311715
0.901188 0.724297
0.704211 0.0528511
0.122796 0.35187
0.909795 0.109158
0.470209 0.999435
0.83737 0.818919
0.583742 0.452904
0.859137 0.622683
0.641277 0.0344057
0.906962 0.796457
0.164024 0.972018
0.182988 0.155386
0.586829 0.876942
0.559209 0.0532431
0.97287 0.942588
0.540479 0.113963
0.404154 0.834648
0.92343 0.133843
0.0805318 0.572143
0.198526 0.0921582
0.66122 0.523935
0.388732 0.675148
0.542787 0.0217557
0.469603 0.744355
0.840481 0.172835
0.501807 0.567882
0.0304273 0.402768
0.806208 0.0683295
0.944597 0.473156
0.351522 0.869281
0.417099 0.599989
0.732829 0.861642
0.460629 0.697412
0.0193791 0.388111
0.437345 0.113356
0.821018 0.373249
0.154468 0.0526477
0.198843 0.580057
0.635501 0.641213
0.36349 0.115706
0.798103 0.524295
0.771923 0.995291
0.461404 0.705492
0.118093 0.339442
0.70172 0.664456
0.393805 0.333625
0.25959 0.425399
0.558602 0.38425
0.768904 0.483451
0.845559 0.361496
0.229506 0.589027
0.68586 0.631847
0.499401 0.272113
0.428398 0.676756
0.283294 0.195149
0.666422 0.273659
0.938595 0.0947044
0.927431 0.304067
0.827429 0.642099
0.846319 0.801099
0.881332 0.187553
0.0839635 0.367254
0.279825 0.241749
0.316323 0.209928
0.805522 0.45499
0.155527 0.383782
0.410961 0.901049
0.621205 0.992051
0.945583 0.947351
0.624487 0.924007
0.387769 0.260582
0.564479 0.260057
0.426363 0.892204
0.480742 0.60092
0.499834 0.52984
0.756952 0.560606
0.948801 0.570923
0.824748 0.740752
0.0538931 0.553213
0.306463 0.580105
0.718749 0.360857
0.714991 0.6434
0.115117 0.0930028
0.840611 0.615729
0.42634 0.925098
0.941928 0.39704
0.493468 0.188526
0.127034 0.891211
0.711151 0.782223
0.686323 0.106835
0.637698 0.0304317
0.656729 0.657254
0.654864 0.465109
0.608859 0.824535
0.83545 0.343347
0.193444 0.538243
0.18685 0.681234
0.108303 0.484449
0.291214 0.55932
0.714634 0.110719
0.0853178 0.485144
0.301778 0.884015
0.617137 0.208821
0.385008 0.201101
0.389992 0.579692
0.457275 0.225407
0.313356 0.177326
0.493279 0.64608
0.966263 0.200352
0.815298 0.789203
0.237969 0.759405
0.70844 0.812943
0.498998 0.393221
0.641903 0.42163
0.739479 0.0112614
0.403757 0.17243
0.928796 0.101179
0.98134 0.44951
0.355478 0.939107
0.274066 0.686035
0.137239 0.429946
0.220378 0.472926
0.521265 0.0749171
0.474406 0.825482
0.730348 0.108932
0.0995907 0.287401
0.793117 0.0616953
0.276673 0.888085
0.332659 0.965157
0.776083 0.643824
0.18601 0.328211
0.966004 0.000706982
0.377254 0.753279
0.792439 0.819032
0.738084 0.536166
0.128386 0.537503
0.706885 0.52057
0.868741 0.734554
0.655829 0.993539
0.45147 0.643689
0.416542 0.320653
0.819583 0.380515
0.125955 0.532455
0.468346 0.57856
0.21554 0.416882
0.758957 0.861575
0.445855 0.181626
0.544382 0.430095
0.346384 0.272015
0.823657 0.259504
0.658491 0.334329
0.358901 0.628195
0.775797 0.822408
0.0313038 0.505115
0.0562075 0.24001
0.260119 0.264529
0.371294 0.561636
0.854268 0.0858429
0.788687 0.677356
0.91105 0.0558481
0.435893 0.869996
0.198216 0.659009
0.914112 0.651119
0.213283 0.252551
0.324046 0.714956
0.473555 0.41103
0.847496 0.536618
0.218402 0.538058
0.515951 0.656363
0.44593 0.153638
0.412247 0.607346
0.329759 0.0695884
0.233389 0.543056
0.78714 0.308228
0.317583 0.980382
0.57075 0.194914
0.23265 0.398095
0.976381 0.14379
0.525259 0.171272
0.796846 0.336005
0.713249 0.216779
0.45688 0.242916
0.386564 0.0415538
0.907076 0.500941
0.0571475 0.697978
0.699894 0.72949
0.108186 0.986637
0.595522 0.16154
0.454463 0.844716
0.617308 0.200917
0.462048 0.111172
0.703617 0.455794
0.53602 0.795967
0.74068 0.233738
0.586262 0.645458
0.572662 0.466631
0.454607 0.051988
0.0226711 0.645088
0.607914 0.803914
0.582233 0.744329
0.0925544 0.150889
0.148377 0.249551
0.074037 0.37124
0.0513214 0.0360909
0.465365 0.497951
0.957697 0.979705
0.224871 0.576392
0.265586 0.0379407
0.0471191 0.634538
0.330184 0.108363
0.493208 0.932335
0.443294 0.961802
0.33966 0.629553
0.228417 0.0946348
0.933511 0.81857
0.840165 0.990403
0.647825 0.919901
0.787432 0.0482538
0.810564 0.553474
0.148238 0.693045
0.125929 0.15945
0.0250576 0.219023
0.294264 0.198672
0.483647 0.506726
0.815519 0.318467
0.594441 0.328707
0.627732 0.895368
0.371209 0.381733
0.207914 0.542924
0.0384243 0.0780941
0.98984 0.393584
0.613984 0.763757
0.661847 0.565338
0.827484 0.519398
0.806459 0.770727
0.967979 0.794369
0.747659 0.195293
0.492884 0.903393
0.9187 0.042808
0.183308 0.569135
0.755337 0.971764
0.588651 0.602174
0.445656 0.995592
0.550103 0.104532
0.49463 0.934199
0.514539 0.216807
0.587861 0.476859
0.829469 0.179822
0.955298 0.579419
0.137528 0.179919
0.650683 0.191068
0.37616 0.96631
0.594122 0.794979
0.960338 0.918764
0.891802 0.310335
0.702024 0.35732
0.0736777 0.121736
0.452408 0.174717
0.60627 0.943335
0.667992 0.468267
0.288662 0.605391
0.909796 0.795985
0.172153 0.884713
0.495379 0.905629
0.726928 0.240707
0.487347 0.325703
0.571853 0.26447
0.862124 0.541644
0.496041 0.585838
0.899474 0.939277
0.0071037 0.300227
0.351815 0.894594
0.176096 0.671798
0.578856 0.653693
0.421949 0.585393
0.269199 0.521176
0.417268 0.639886
0.862316 0.538074
0.857506 0.127063
0.970351 0.799652
0.153437 0.621463
0.837539 0.186965
0.404522 0.500075
0.685955 0.984908
0.227503 0.344176
0.348695 0.928035
0.444286 0.151094
0.862873 0.274656
0.239637 0.393558
0.14244 0.658261
0.267038 0.979614
0.259503 0.105725
0.176468 0.460039
0.113462 0.800843
0.551698 0.619522
0.921507 0.539344
0.371158 0.783655
0.824191 0.138528
0.448369 0.611776
0.270698 0.209872
0.371995 0.193712
0.236814 0.559606
0.659134 0.791949
0.952725 0.374625
0.688604 0.206529
0.124141 0.766795
0.403176 0.734537
0.647896 0.195939
0.80326 0.462719
0.103223 0.611858
0.934607 0.780113
0.0120047 0.491358
0.89577 0.692571
0.710577 0.525164
0.879808 0.324308
0.167721 0.521743
0.192761 0.79117
0.461412 0.576968
0.114511 0.319159
0.756541 0.265979
0.634699 0.832973
0.854858 0.526287
0.479972 0.747816
0.213702 0.921608
0.572336 0.306331
0.200263 0.574128
0.279974 0.324966
0.0163319 0.894237
0.336184 0.127164
0.996676 0.440006
0.543562 0.606179
0.187459 0.911459
0.0403235 0.0498852
0.014401 0.728863
0.415123 0.862491
0.0869049 0.736213
0.374464 0.722949
0.849827 0.2871
0.809436 0.0962428
0.134669 0.371447
0.536276 0.0690275
0.605036 0.791387
0.0640123 0.515005
0.164235 0.207564
0.0544989 0.925129
0.69423 0.410468
0.16362 0.418158
0.337572 0.302183
0.696484 0.527949
0.524688 0.0526376
0.75865 0.987582
0.492593 0.793335
0.319206 0.335627
0.60791 0.612901
0.0449153 0.238312
0.774103 0.67815
0.20086 0.433378
0.253139 0.768454
0.145542 0.741795
0.00372646 0.70004
0.913247 0.5713
0.355903 0.206045
0.96481 0.0798276
0.5848 0.451305
0.557601 0.515363
0.000136175 0.261987
0.861304 0.859705
0.645306 0.100314
0.983608 0.109728
0.924928 0.234161
0.954768 0.499086
0.974582 0.964292
0.726218 0.549813
0.464538 0.0517627
0.231105 0.621286
0.929827 0.25529
0.346415 0.358524
0.453878 0.567675
0.579683 0.110722
0.97053 0.0095802
0.393978 0.766994
0.495697 0.777019
0.245479 0.224539
0.624737 0.376122
0.828201 0.254022
0.465224 0.666766
0.424434 0.558325
0.880784 0.309151
0.113524 0.703355
0.279777 0.744675
0.998626 0.474287
0.934296 0.601705
0.23243 0.965784
0.816209 0.201281
0.876934 0.534936
0.301404 0.141561
0.658945 0.975706
0.35207 0.805568
0.90325 0.95282
0.202884 0.0665185
0.157063 0.840156
0.697503 0.593159
0.868511 0.155315
0.269288 0.385453
0.606351 0.646808
0.412457 0.118056
0.814042 0.884309
0.472063 0.586255
0.861968 0.959578
0.503 0.191493
0.00171622 0.512581
0.862509 0.317953
0.0365625 0.16745
0.384239 0.0744521
0.910244 0.530117
0.662196 0.793073
0.763096 0.764081
0.631861 0.128908
0.060124 0.177927
0.139148 0.014579
0.469217 0.837374
0.353818 0.985155
0.436907 0.21096
0.355411 0.0487606
0.880697 0.631576
0.00240498 0.0996813
0.994756 0.339065
0.123991 0.334435
0.262621 0.47034
0.481883 0.727071
0.375061 0.94443
0.622237 0.25071
0.839836 0.713555
0.753483 0.456476
0.847399 0.43477
0.397117 0.473225
0.0316797 0.161396
0.53012 0.278205
0.978023 0.725971
0.179576 0.522321
0.609801 0.484329
0.855387 0.710317
0.610647 0.416021
0.0335881 0.349069
0.438488 0.74694
0.633555 0.132843
0.438655 0.493371
0.00923434 0.814424
0.278054 0.277377
0.864476 0.563962
0.690356 0.814742
0.929246 0.0301681
0.7012 0.182375
0.717316 0.901261
0.659602 0.952681
0.272377 0.556139
0.416542 0.842681
0.861926 0.695772
0.287142 0.580415
0.0921822 0.449109
0.955274 0.340572
0.156234 0.231064
0.62333 0.867755
0.771097 0.445885
0.996859 0.710102
0.697189 0.372515
0.149274 0.649388
0.119106 0.286526
0.478079 0.0448006
0.644325 0.656625
0.677163 0.448057
0.242469 0.958317
0.901661 0.156666
0.0549869 0.256634
0.732934 0.310252
0.0328522 0.865953
0.988822 0.474505
0.681257 0.251544
0.118462 0.68016
0.537198 0.25249
0.263901 0.707847
0.511444 0.381445
0.564142 0.831841
0.942329 0.87437
0.355881 0.864362
0.701021 0.279501
0.453749 0.922886
0.42695 0.1009
0.526921 0.0417035
0.410161 0.811218
0.193065 0.0109483
0.782658 0.480785
0.316983 0.914477
0.857919 0.24441
0.897942 0.981415
0.265712 0.203331
0.529905 0.0148884
0.605937 0.688072
0.412844 0.695947
0.897908 0.0719162
0.583358 0.735157
0.698999 0.88624
0.371788 0.556419
0.540088 0.451568
0.434563 0.715768
0.515516 0.767307
0.855477 0.96846
0.961518 0.927926
0.587007 0.485969
0.847695 0.460178
0.991823 0.21826
0.922732 0.947233
0.440701 0.367891
0.586101 0.893723
0.156765 0.384992
0.996249 0.458343
0.292458 0.367905
0.423012 0.223889
0.437382 0.842349
0.117914 0.377389
0.126388 0.735706
0.55364 0.177919
0.788523 0.960066
0.595051 0.715098
0.119546 0.738308
0.337237 0.402333
0.148085 0.657243
0.440978 0.872094
0.389987 0.0897619
0.0714014 0.744341
0.426825 0.917121
0.413095 0.988684
0.0179077 0.675958
0.0591991 0.906502
0.0705552 0.137806
0.164 0.994434
0.37395 0.401779
0.385781 0.537111
0.836826 0.409128
0.573047 0.384802
0.716579 0.521385
0.64135 0.264976
0.830159 0.0408587
0.0440998 0.513546
0.0121332 0.269954
0.62518 0.926357
0.497414 0.19876
0.199537 0.794537
0.933039 0.582892
0.192528 0.941607
0.74501 0.820806
0.255029 0.214912
0.319398 0.788029
0.818586 0.0736293
0.968753 0.186182
0.301544 0.876026
0.615158 0.582132
0.243642 0.867204
0.297905 0.889162
0.829131 0.593017
0.127795 0.175546
0.134235 0.915519
0.0642199 0.0358053
0.98028 0.787867
0.0769208 0.773696
0.569511 0.744213
0.522866 0.143723
0.79587 0.812425
0.0576891 0.392537
0.701248 0.350502
0.862635 0.673443
0.909322 0.552685
0.00936321 0.0391041
0.456773 0.533268
0.176018 0.00810245
0.749825 0.148613
0.206403 0.324767
0.303322 0.86944
0.67746 0.0721425
0.185505 0.82108
0.666319 0.512876
0.106079 0.586768
0.475997 0.795249
0.169161 0.11556
0.636377 0.161973
0.59274 0.150536
0.0562039 0.273992
0.83829 0.676229
0.0623072 0.379822
0.292553 0.453698
0.611842 0.679555
0.324548 0.13281
0.5716 0.24735
0.584728 0.104804
0.645308 0.479458
0.29046 0.907847
0.224472 0.864912
0.709201 0.437867
0.347743 0.987036
0.134031 0.364915
0.565838 0.706852
0.67841 0.301558
0.961395 0.5512
0.784699 0.483318
0.16378 0.938801
0.266798 0.606839
0.709714 0.38026
0.143614 0.467352
0.0896767 0.809991
0.568178 0.827822
0.22425 0.26152
0.286561 0.169962
0.300267 0.393649
0.74657 0.0258105
0.721901 0.651562
0.264134 0.0273115
0.159745 0.914111
0.313928 0.624625
0.780365 0.791437
0.630569 0.908937
0.817101 0.534779
0.691789 0.119237
0.254124 0.0739027
0.882529 0.733289
0.548393 0.0947494
0.911079 0.626623
0.29222 0.713525
0.859129 0.61464
0.531155 0.0836741
0.37837 0.411157
0.226731 0.605954
0.585658 0.0813756
0.824761 0.0500093
0.785964 0.239695
0.658268 0.869249
0.861486 0.737111
0.0654608 0.795233
0.372661 0.843867
0.429919 0.222398
0.238579 0.0968925
0.383616 0.623809
0.832944 0.81829
0.171491 0.423307
0.482686 0.755188
0.823332 0.0971214
0.0721008 0.876531
0.424409 0.536836
0.905496 0.961592
0.472202 0.578798
0.679457 0.497269
0.374501 0.0992071
0.941695 0.00451887
0.320625 0.493397
0.0850834 0.760313
0.924801 0.933634
0.786214 0.333819
0.120596 0.162184
0.374059 0.623648
0.737113 0.00622161
0.113091 0.19721
0.673583 0.473644
0.885508 0.108563
0.695141 0.410264
0.112277 0.760899
0.469625 0.213845
0.651566 0.491565
0.567874 0.454013
0.714016 0.90382
0.962248 0.85128
0.0864933 0.901953
0.421492 0.618043
0.110977 0.276553
0.153428 0.188864
0.814689 0.55407
0.336617 0.80502
0.154221 0.839146
0.0774984 0.789593
0.434229 0.929232
0.862527 0.708025
0.17147 0.705607
0.54116 0.494731
0.699887 0.0892324
0.813691 0.287679
0.171381 0.284938
0.759674 0.681539
0.536263 0.590636
0.0248912 0.930246
0.63478 0.410564
0.118844 0.860835
0.0305643 0.83262
0.022138 0.888031
0.406436 0.0546629
0.259986 0.84307
0.58618 0.594915
0.0880812 0.652
0.195605 0.472811
0.630972 0.607549
0.747405 0.557561
0.722091 0.167605
0.312473 0.220978
0.292224 0.820641
0.169446 0.28817
0.712735 0.0265322
0.468103 0.902846
0.528928 0.0225468
0.40959 0.65097
0.956452 0.122137
0.00708589 0.585187
0.4139 0.735069
0.965102 0.403205
0.343332 0.402362
0.845923 0.0555699
0.722558 0.737967
0.579588 0.165128
0.593131 0.588793
0.519293 0.727001
0.671566 0.401784
0.968573 0.493481
0.103106 0.833067
0.208546 0.112223
0.78533 0.325
0.0690224 0.264829
0.226296 0.963619
0.300697 0.775022
0.674755 0.988463
0.144687 0.780395
0.319826 0.622117
0.583902 0.458972
0.00825191 0.782124
0.765455 0.0149648
0.712632 0.315641
0.296048 0.312267
0.293167 0.280632
0.51375 0.889602
0.702955 0.832301
0.42308 0.0682287
0.405561 0.24999
0.444346 0.0261762
0.129753 0.875174
0.0515994 0.65268
0.0228766 0.469573
0.246789 0.743137
0.0906349 0.406079
0.313016 0.727326
0.470576 0.327462
0.431181 0.549749
0.788908 0.464636
0.182083 0.203741
0.663681 0.256874
0.454633 0.563774
0.892295 0.455468
0.630404 0.222371
0.976963 0.346772
0.974566 0.364929
0.560545 0.00352914
0.762823 0.130653
0.739148 0.436203
0.199611 0.192433
0.551687 0.0750286
0.86419 0.558379
0.0730022 0.662806
0.47826 0.368867
0.351799 0.765501
0.198604 0.251478
0.341717 0.329887
0.805495 0.067068
0.4358 0.906846
0.0783133 0.94735
0.209344 0.389399
0.688407 0.441438
0.994192 0.317535
0.434797 0.994818
0.560276 0.250668
0.236531 0.503525
0.378449 0.949723
0.209552 0.739309
0.227057 0.455305
0.704879 0.578259
0.588647 0.257479
0.595933 0.834478
0.241219 0.769588
0.875996 0.337984
0.167471 0.234929
0.188185 0.221279
0.751991 0.12136
0.998048 0.123579
0.156309 0.220741
0.697291 0.944966
0.713086 0.329351
0.625706 0.0425823
0.27372 0.521997
0.718473 0.575198
0.909069 0.517269
0.0443626 0.251786
0.644291 0.54846
0.860558 0.498054
0.00118261 0.474973
0.398346 0.950389
0.748153 0.754366
0.925173 0.925732
0.784153 0.704174
0.680642 0.214786
0.525116 0.514096
0.541116 0.0386332
0.582255 0.961543
0.510482 0.187296
0.358067 0.16354
0.933445 0.282515
0.322106 0.639412
0.595121 0.778223
0.0296496 0.158208
0.653677 0.749114
0.632755 0.714575
0.370884 0.624571
0.568657 0.564048
0.259518 0.944658
0.951167 0.93924
0.676507 0.67318
0.457929 0.758651
0.851525 0.648936
0.763696 0.730446
0.978277 0.990091
0.0417323 0.807736
0.930916 0.0396576
0.863748 0.442767
0.872036 0.0451856
0.0219393 0.330246
0.793078 0.283411
0.886638 0.459154
0.0785474 0.285369
0.857054 0.17748
0.101423 0.758451
0.933459 0.932163
0.0926421 0.725062
0.806878 0.985354
0.76802 0.252556
0.453161 0.0683727
0.351392 0.21329
0.468989 0.80962
0.142343 0.00722462
0.402476 0.639475
0.0925439 0.643071
0.876403 0.793537
0.659553 0.691722
